0.045187
0.045409
0.046186
0.04613
0.046575
0.047296
0.047851
0.04774
0.048962
0.048073
0.048962
0.049128
0.050183
0.049572
0.050128
0.050016
0.04985
0.049184
0.048684
0.048351
0.048018
0.047185
0.046741
0.045797
0.044854
0.044965
0.045908
0.044354
0.042633
0.042966
0.041578
0.042133
0.041412
0.040024
0.039968
0.039025
0.038747
0.03747
0.037526
0.036415
0.035361
0.034195
0.033695
0.032307
0.031863
0.029976
0.029643
0.030142
0.029532
0.028588
0.027922
0.027922
0.02831
0.027478
0.026922
0.027366
0.025868
0.026201
0.025312
0.024424
0.023703
0.023258
0.023203
0.022315
0.022148
0.02237
0.02076
0.02126
0.020094
0.02015
0.017485
0.017596
0.017374
0.01693
0.017207
0.015264
0.015708
0.014765
0.014598
0.012766
0.012378
0.011156
0.011711
0.010934
0.009935
0.009824
0.009269
0.007659
0.006548
0.006826
0.006715
0.005716
0.004716
0.004106
0.003773
0.003329
0.001941
0.002274
0.00083
0.000775
0.00028
0.00189
0.001113
0.001168
0.001224
0.003111
0.003444
0.003777
0.004721
0.005498
0.00572
0.00622
0.00622
0.006942
0.007275
0.007441
0.008274
0.008885
0.009107
0.009773
0.008774
0.010384
0.01105
0.011494
0.011272
0.01166
0.012715
0.013159
0.013104
0.013659
0.014381
0.014825
0.015269
0.016102
0.016657
0.017101
0.017323
0.018655
0.019432
0.020598
0.020709
0.021542
0.022153
0.024928
0.023929
0.024373
0.026649
0.026927
0.027427
0.029259
0.029703
0.031257
0.032589
0.033367
0.034754
0.035754
0.036809
0.038696
0.039362
0.040972
0.043359
0.044414
0.04447
0.046246
0.047745
0.0488
0.049577
0.050132
0.052242
0.053185
0.054018
0.055073
0.056627
0.058237
0.060569
0.061291
0.061235
0.063622
0.064455
0.065177
0.064899
0.067841
0.066842
0.068341
0.068563
0.070561
0.070728
0.071727
0.072116
0.07256
0.07367
0.075058
0.07528
0.076335
0.077057
0.078223
0.078111
0.079055
0.079999
0.080998
0.081165
0.082775
0.083108
0.084496
0.083941
0.08444
0.085773
0.086994
0.087938
0.088881
0.090158
0.090824
0.090769
0.092545
0.092601
0.09521
0.095154
0.096265
0.097375
0.098319
0.10004
0.100484
0.100928
0.101095
0.103038
0.103815
0.104925
0.104703
0.10548
0.106646
0.10709
0.107479
0.108256
0.109977
0.1092
0.110366
0.110643
0.111753
0.112586
0.113474
0.113974
0.115528
0.116306
0.116694
0.117138
0.119192
0.118304
0.120414
0.120636
0.122024
0.122135
0.123467
0.124688
0.124688
0.126021
0.126687
0.127186
0.128241
0.13024
0.129685
0.131628
0.131184
0.132571
0.131628
0.131184
0.130573
0.129018
0.125299
0.118748
0.105591
0.069784
0.075946
0.112086
0.128186
0.139899
0.147116
0.152834
0.157553
0.161717
0.166213
0.168934
0.171543
0.173985
0.176262
0.179148
0.181424
0.183867
0.1837
0.187142
0.188808
0.190751
0.191806
0.19336
0.194914
0.197024
0.197635
0.199855
0.20091
0.20302
0.204019
0.205296
0.206628
0.207738
0.209681
0.210736
0.212901
0.213845
0.215677
0.216454
0.21812
0.219896
0.21973
0.223394
0.223116
0.224448
0.226225
0.227391
0.229778
0.230666
0.231776
0.233164
0.234607
0.234885
0.237161
0.237661
0.239881
0.241769
0.241935
0.243712
0.244212
0.245377
0.246543
