1.108281
0.885344
0.732926
0.625224
0.543485
0.479698
0.42809
0.384497
0.350199
0.321029
0.296828
0.273749
0.255959
0.241054
0.227752
0.21493
0.202269
0.193774
0.184158
0.177427
0.168131
0.162041
0.156591
0.150822
0.143289
0.138641
0.133833
0.129666
0.124858
0.119889
0.116844
0.112998
0.109952
0.104824
0.103221
0.099375
0.09649
0.093765
0.09072
0.088957
0.086072
0.083508
0.080302
0.07918
0.077097
0.074853
0.071968
0.069564
0.068122
0.066198
0.064596
0.06139
0.060749
0.059147
0.056903
0.055621
0.053377
0.052095
0.050812
0.049049
0.045684
0.044722
0.044081
0.04344
0.040074
0.038952
0.037991
0.036709
0.036709
0.033824
0.03142
0.0319
0.029817
0.027733
0.027092
0.02565
0.02581
0.022605
0.021323
0.021323
0.019079
0.019399
0.016514
0.015553
0.014591
0.012988
0.012988
0.010745
0.009783
0.008661
0.009142
0.006417
0.006898
0.005295
0.002731
0.00209
7.00E-06
0.000487
0.000635
0.001756
0.00368
0.004641
0.005763
0.006404
0.007526
0.008167
0.008808
0.008969
0.010892
0.012975
0.012655
0.013616
0.013616
0.016501
0.018104
0.017463
0.019386
0.020668
0.023072
0.023714
0.023714
0.026278
0.0274
0.028041
0.028682
0.029964
0.029964
0.031727
0.032208
0.034452
0.034452
0.034452
0.036535
0.036696
0.037657
0.038939
0.040702
0.040863
0.042305
0.042145
0.04519
0.04535
0.046632
0.046632
0.049036
0.048876
0.049838
0.050158
0.05144
0.053364
0.053684
0.055447
0.054646
0.05689
0.057531
0.058172
0.059454
0.059775
0.061057
0.062659
0.06298
0.064262
0.066185
0.066826
0.067468
0.068429
0.06907
0.070352
0.071635
0.071474
0.073237
0.07468
0.073878
0.074359
0.076763
0.075802
0.079328
0.079648
0.079969
0.081251
0.082533
0.083815
0.084456
0.085738
0.087822
0.087982
0.089745
0.089905
0.090547
0.09247
0.093431
0.094874
0.095996
0.097919
0.09824
0.09856
0.099201
0.099201
0.100964
0.099842
0.101445
0.103368
0.105292
0.10465
0.105933
0.104971
0.106894
0.109138
0.109459
0.109459
0.111382
