0.078
0.078778
0.079444
0.079999
0.080943
0.081831
0.083774
0.083885
0.083829
0.084718
0.085273
0.086938
0.087716
0.088104
0.08816
0.088715
0.089103
0.091046
0.091324
0.091657
0.093323
0.093711
0.094266
0.095154
0.096209
0.09571
0.096376
0.097486
0.097486
0.098374
0.097708
0.098596
0.09843
0.098929
0.097486
0.096542
0.094932
0.093656
0.091213
0.085495
0.075613
0.05746
0.005887
0.029647
0.07417
0.092767
0.104814
0.111531
0.115973
0.122079
0.123023
0.127353
0.128963
0.129851
0.130739
0.127131
0.129241
0.130795
0.132627
0.133349
0.134625
0.13618
0.138956
0.140288
0.141454
0.142286
0.144563
0.146006
0.147005
0.148782
0.150447
0.152335
0.154278
0.177982
0.178316
0.181369
0.184034
0.186032
0.188364
0.189085
0.192028
0.195969
0.198578
0.199633
0.202464
