-0.386369
-0.385366
-0.384363
-0.38336
-0.382358
-0.381355
-0.380352
-0.379349
-0.378346
-0.377343
-0.37634
-0.375337
-0.374334
-0.373331
-0.372328
-0.371325
-0.370322
-0.369319
-0.368316
-0.367313
-0.36631
-0.365307
-0.364304
-0.363301
-0.362298
-0.361295
-0.360292
-0.359289
-0.358286
-0.357284
-0.356281
-0.355278
-0.354275
-0.353272
-0.352269
-0.351266
-0.350263
-0.34926
-0.348257
-0.347254
-0.346251
-0.345248
-0.344245
-0.343242
-0.342239
-0.341236
-0.340233
-0.33923
-0.338227
-0.337224
-0.336221
-0.335218
-0.334215
-0.333212
-0.33221
-0.331207
-0.330204
-0.329201
-0.328198
-0.327195
-0.326192
-0.325189
-0.324186
-0.323183
-0.32218
-0.321177
-0.320174
-0.319171
-0.318168
-0.317165
-0.316162
-0.315159
-0.314156
-0.313153
-0.31215
-0.311147
-0.310144
-0.309141
-0.308138
-0.307135
-0.306133
-0.30513
-0.304127
-0.303124
-0.302121
-0.301118
-0.300115
-0.299112
-0.298109
-0.297106
-0.296103
-0.2951
-0.294097
-0.293094
-0.292091
-0.291088
-0.290085
-0.289082
-0.288079
-0.287076
-0.286073
-0.28507
-0.284067
-0.283064
-0.282061
-0.281059
-0.280056
-0.279053
-0.27805
-0.277047
-0.276044
-0.275041
-0.274038
-0.273035
-0.272032
-0.271029
-0.270026
-0.269023
-0.26802
-0.267017
-0.266014
-0.265011
-0.264008
-0.263005
-0.262002
-0.260999
-0.259996
-0.258993
-0.25799
-0.256987
-0.255984
-0.254982
-0.253979
-0.252976
-0.251973
-0.25097
-0.249967
-0.248964
-0.247961
-0.246958
-0.245955
-0.244952
-0.243949
-0.242946
-0.241943
-0.24094
-0.239937
-0.238934
-0.237931
-0.236928
-0.235925
-0.234922
-0.233919
-0.232916
-0.231913
-0.23091
-0.229908
-0.228905
-0.227902
-0.226899
-0.225896
-0.224893
-0.22389
-0.222887
-0.221884
-0.220881
-0.219878
-0.218875
-0.217872
-0.216869
-0.215866
-0.214863
-0.21386
-0.212857
-0.211854
-0.210851
-0.209848
-0.208845
-0.207842
-0.206839
-0.205836
-0.204834
-0.203831
-0.202828
-0.201825
-0.200822
-0.199819
-0.198816
-0.197813
-0.19681
-0.195807
-0.194804
-0.193801
-0.192798
-0.191795
-0.190792
-0.189789
-0.188786
-0.187783
-0.18678
-0.185777
-0.184774
-0.183771
-0.182768
-0.181765
-0.180762
-0.179759
-0.178757
-0.177754
-0.176751
-0.175748
-0.174745
-0.173742
-0.172739
-0.171736
-0.170733
-0.16973
-0.168727
-0.167724
-0.166721
-0.165718
-0.164715
-0.163712
-0.162709
-0.161706
-0.160703
-0.1597
-0.158697
-0.157694
-0.156691
-0.155688
-0.154685
-0.153683
-0.15268
-0.151677
-0.150674
-0.149671
-0.148668
-0.147665
-0.146662
-0.145659
-0.144656
-0.143653
-0.14265
-0.141647
-0.140644
-0.139641
-0.138638
-0.137635
-0.136632
-0.135629
-0.134626
-0.133623
-0.13262
-0.131617
-0.130614
-0.129611
-0.128608
-0.127606
-0.126603
-0.1256
-0.124597
-0.123594
-0.122591
-0.121588
-0.120585
-0.119582
-0.118579
-0.117576
-0.116573
-0.11557
-0.113571
-0.112575
-0.111578
-0.110582
-0.109586
-0.10859
-0.107593
-0.106597
-0.105601
-0.104605
-0.103608
-0.102612
-0.101616
-0.10062
-0.099624
-0.098627
-0.097631
-0.096635
-0.095639
-0.094642
-0.093646
-0.09265
-0.091654
-0.090657
-0.089661
-0.088665
-0.087669
-0.086672
-0.085676
-0.08468
-0.083684
-0.082688
-0.081691
-0.080695
-0.079699
-0.078703
-0.077706
-0.07671
-0.075714
-0.074718
-0.073721
-0.072725
-0.071729
-0.070733
-0.069736
-0.06874
-0.067744
-0.066748
-0.065752
-0.064755
-0.063759
-0.062763
-0.061767
-0.06077
-0.059774
-0.058778
-0.057782
-0.056785
-0.055789
-0.054793
-0.053797
