-0.186096
-0.185094
-0.184091
-0.183089
-0.182087
-0.181085
-0.180083
-0.17908
-0.178078
-0.177076
-0.176074
-0.175072
-0.17407
-0.173067
-0.172065
-0.171063
-0.170061
-0.169059
-0.168056
-0.167054
-0.166052
-0.16505
-0.164048
-0.163045
-0.162043
-0.161041
-0.160039
-0.159037
-0.158034
-0.157032
-0.15603
-0.155028
-0.154026
-0.153024
-0.152021
-0.151019
-0.150017
-0.149015
-0.148013
-0.14701
-0.146008
-0.145006
-0.144004
-0.142002
-0.141002
-0.140002
-0.139002
-0.138002
-0.137002
-0.136002
-0.135002
-0.134002
-0.133002
-0.132002
-0.131002
-0.130001
-0.129001
-0.128001
-0.127001
-0.126001
-0.125001
-0.124001
-0.123001
-0.122001
-0.121001
-0.120001
-0.119001
-0.118001
-0.117001
-0.116001
-0.115001
-0.114001
-0.113001
-0.112001
-0.111001
-0.110001
-0.109001
-0.108001
-0.107001
-0.106001
-0.105001
-0.104001
-0.103001
-0.102001
-0.101001
